1755879126992 0.00015742258485333105 1
1755879143551 0.00029999964302803063 2
1755879159782 0.00029766399455754286 3
1755879176573 0.00029084166856470714 4
1755879192844 0.0002797399579725523 5
1755879208943 0.00026469618263968433 6
1755879225655 0.0002461674400670748 7
1755879242869 0.00022471671672179627 8
1755879259847 0.00020099578197810527 9
1755879276542 0.0001757253844348168 10
1755879293807 0.00014967335233384538 11
1755879311449 0.00012363126348761478 12
1755879328909 9.839039358778488e-05 13
1755879346526 7.471767369376565e-05 14
1755879365964 5.333238742056242e-05 15
1755879383820 3.488431587010959e-05 16
1755879401349 1.9933994361293043e-05 17
1755879418775 8.935680847930443e-06 18
1755879436451 2.2235535207100933e-06 19
1755879453736 1.5569719693317017e-09 20
