1755876981804 0.0002988172051971717 1
1755876997840 0.0002952874741692947 2
1755877014260 0.0002894664728832377 3
1755877030040 0.00028144600200657956 4
1755877045922 0.00027135254915624217 5
1755877061608 0.0002593452941132118 6
1755877077750 0.00024561359846230347 7
1755877094026 0.0002303740192468495 8
1755877110082 0.0002138668937347609 9
1755877126169 0.0001963525491562421 10
1755877142237 0.00017810719718785873 11
1755877158313 0.00015941857792939703 12
1755877174394 0.00014058142207060302 13
1755877190868 0.00012189280281214133 14
1755877207246 0.00010364745084375795 15
1755877223726 8.61331062652391e-05 16
1755877240314 6.962598075315047e-05 17
1755877256885 5.4386401537696536e-05 18
1755877273510 4.06547058867883e-05 19
1755877289608 2.86474508437579e-05 20
1755877305857 1.8553997993420465e-05 21
1755877322193 1.05335271167623e-05 22
1755877338672 4.712525830705356e-06 23
1755877355354 1.1827948028283355e-06 24
1755877371690 0.0 25
