1755876981804 1.3332458636576197 1
1755876997840 1.108494906312144 2
1755877014260 1.043527004234544 3
1755877030040 0.9886210489732019 4
1755877045922 0.9580023655416549 5
1755877061608 0.899130124693136 6
1755877077750 0.8520475845513936 7
1755877094026 0.7931157055853674 8
1755877110082 0.7167370973835056 9
1755877126169 0.6398240375837252 10
1755877142237 0.5334256411160732 11
1755877158313 0.46143287309048286 12
1755877174394 0.3435593773271545 13
1755877190868 0.2645825400401183 14
1755877207246 0.22912642353440615 15
1755877223726 0.17411509691861074 16
1755877240314 0.1388417115686357 17
1755877256885 0.12275527572642372 18
1755877273510 0.1008436880512571 19
1755877289608 0.11252596377858103 20
1755877305857 0.09079990673541695 21
1755877322193 0.08013360515790051 22
1755877338672 0.07796457616502188 23
1755877355354 0.0736509907739707 24
1755877371690 0.07021527964657638 25
