1755847768964 9.890738003669029e-05 1
1755847784757 9.567727288213005e-05 2
1755847800482 9.045084971874738e-05 3
1755847816091 8.345653031794292e-05 4
1755847832036 7.500000000000001e-05 5
1755847847557 6.545084971874738e-05 6
1755847863054 5.522642316338269e-05 7
1755847878784 4.4773576836617344e-05 8
1755847894812 3.454915028125264e-05 9
1755847909920 2.5000000000000018e-05 10
1755847925130 1.654346968205711e-05 11
1755847941589 9.549150281252635e-06 12
1755847957868 4.322727117869952e-06 13
1755847973851 1.092619963309716e-06 14
1755847989777 0.0 15
