1755847768964 1.6056589234486425 1
1755847784757 1.4054104345904612 2
1755847800482 1.3096887717615104 3
1755847816091 1.2399322528357686 4
1755847832036 1.2162798792738456 5
1755847847557 1.1961334076922432 6
1755847863054 1.1833534218477748 7
1755847878784 1.1750658835064707 8
1755847894812 1.1736468037016334 9
1755847909920 1.1565600971275498 10
1755847925130 1.1464357964534981 11
1755847941589 1.1490259875227486 12
1755847957868 1.1444441907721028 13
1755847973851 1.1334697624668113 14
1755847989777 1.1335787945940135 15
