1755878517066 0.00015742258485333105 1
1755878533749 0.00029999964302803063 2
1755878550069 0.00029766399455754286 3
1755878566178 0.00029084166856470714 4
1755878583537 0.0002797399579725523 5
1755878600188 0.00026469618263968433 6
1755878617446 0.0002461674400670748 7
1755878633877 0.00022471671672179627 8
1755878650696 0.00020099578197810527 9
1755878667320 0.0001757253844348168 10
1755878684292 0.00014967335233384538 11
1755878700774 0.00012363126348761478 12
1755878718633 9.839039358778488e-05 13
