1755879126992 2.0544165436539195 1
1755879143551 1.933648595054078 2
1755879159782 1.8083797489770197 3
1755879176573 1.7143416263527496 4
1755879192844 1.6990885190611573 5
1755879208943 1.6372240270619494 6
1755879225655 1.5787840302813336 7
1755879242869 1.5482997630626414 8
1755879259847 1.506650019385121 9
1755879276542 1.4821368883457382 10
1755879293807 1.4560150832283172 11
1755879311449 1.409688187731996 12
1755879328909 1.375319762867763 13
1755879346526 1.3749286405840222 14
1755879365964 1.3165791751452829 15
1755879383820 1.2791247008662168 16
1755879401349 1.2592747892150473 17
1755879418775 1.265124520883652 18
1755879436451 1.2557822904472524 19
1755879453736 1.2678932230403723 20
