1755848543035 9.890738003669029e-05 1
1755848559828 9.567727288213005e-05 2
1755848576097 9.045084971874738e-05 3
1755848592311 8.345653031794292e-05 4
1755848609407 7.500000000000001e-05 5
1755848625189 6.545084971874738e-05 6
1755848641196 5.522642316338269e-05 7
1755848656480 4.4773576836617344e-05 8
1755848671687 3.454915028125264e-05 9
1755848686947 2.5000000000000018e-05 10
1755848702240 1.654346968205711e-05 11
1755848717578 9.549150281252635e-06 12
1755848733103 4.322727117869952e-06 13
1755848748494 1.092619963309716e-06 14
1755848764014 0.0 15
