1755848543035 1.6025346889169902 1
1755848559828 1.4077726691299794 2
1755848576097 1.305882502787007 3
1755848592311 1.246964196750444 4
1755848609407 1.2197446037289483 5
1755848625189 1.1950771262570323 6
1755848641196 1.1823502726087494 7
1755848656480 1.1688646979379738 8
1755848671687 1.1653597573474404 9
1755848686947 1.1491150406670931 10
1755848702240 1.1427846615920014 11
1755848717578 1.1447691274073288 12
1755848733103 1.1380816774175342 13
1755848748494 1.133181130434155 14
1755848764014 1.134286404405308 15
